Yb GTH-PBE-q34
4 6 10 14
0.480000000  2 -10.242583867     0.440233104
4
0.225460617  2 237.857800348  -252.206949594
                               289.736136496
0.252079716  2 444.379091858  -247.164763935
                               159.627841698
0.254074416  1 -13.593720617
0.176191961  1 -35.535627662

Yb GTH-PBE-q34
4 6 10 14
0.490000000  2 -10.281574530     0.429554477
4
0.224151209  2 233.951003400  -250.352885100
                               289.344957000
0.251433097  2 443.581421267  -245.692770900
                               158.417895233
0.258924233  1 -13.505160798
0.177470288  1 -35.499842570

Yb GTH-PBE-q34
4 6 10 14
0.500000000  2 -10.664912043     0.469590460
4
0.223826396  2 239.167593462  -252.140307716
                               287.507396450
0.252420054  2 444.073943086  -247.169367227
                               158.724421744
0.260274617  1 -13.647965078
0.178188749  1 -35.592253095

Yb GTH-PBE-q34
4 6 10 14
0.510000000  2 -10.775599933     0.477825676
4
0.222552292  2 239.213691494  -251.910927413
                               286.928510682
0.252090627  2 441.433715717  -247.068369992
                               159.017288438
0.264050041  1 -13.633086028
0.179411082  1 -35.533424191

Yb GTH-PBE-q34
4 6 10 14
0.520000000  2 -11.014392857     0.501828495
4
0.222138350  2 240.224899769  -250.419055955
                               282.530205435
0.250121343  2 447.109771424  -246.402497763
                               157.994977900
0.265738092  1 -13.776545912
0.179945403  1 -35.787026933

Yb GTH-PBE-q34
4 6 10 14
0.470000000  1  -6.855976056
4
0.219644630  2 247.277164973  -249.204249129
                               281.093671007
0.269554990  2 456.902070137  -246.831611240
                               145.783068318
0.256311022  1 -14.334834152
0.183758286  1 -33.200606113

Yb GTH-PBE-q34
4 6 10 14
0.480000000  1  -7.199501059
4
0.218538105  2 251.260691352  -255.317608727
                               288.637376742
0.272919217  2 454.334635409  -247.847093529
                               146.671004147
0.261924170  1 -14.041764842
0.184565294  1 -33.235248061

Yb GTH-PBE-q34
4 6 10 14
0.490000000  1  -7.549843738
4
0.218266696  2 263.016013833 -258.549873682
                              284.850085862
0.279471813  2 452.174246253 -249.515931353
                              147.449897960
0.267320776  1 -13.781631898
0.185185193  1 -33.344985513

Yb GTH-PBE-q34
4 6 10 14
0.500000000  1  -7.857588330
4
0.217536443  2 261.367665552  -258.017370096
                               284.373264272
0.278341463  2 452.078741970  -249.539240792
                               147.629693880
0.269939733  1 -13.844248648
0.185203058  1 -33.857938124


