Dy GTH-PBE-q30
4 6 10 10
0.490000000  2  -8.563175180     0.312912839
4
0.249237975  2 242.016478600  -258.642729800
                               294.964479200
0.259482858  2 426.542872933  -246.907534633
                               175.717165900
0.246324470  1 -13.021884004
0.178021908  1 -34.428590467

Dy GTH-PBE-q30
4 6 10 10
0.500000000  3  -8.439035814     0.427025894    -0.026134570
4
0.248284573  2   242.234497800 -258.637184100
                                295.345324500
0.259849118  2   425.907890633 -246.555111033
                                176.031646200
0.251596487  2   -13.005761144  -0.018889308
                                 0.073780954
0.179070752  1 -34.657691711

Dy GTH-PBE-q30
4 6 10 10
0.500000000  1    -7.465003311
4
0.252286021  2   233.922888625  -255.562057179
                                 292.904849233
0.266723795  2   390.748247766  -235.364530025
                                 169.923036441
0.252493399  1   -13.041564434
0.180670438  1   -34.118812490


