Dy GTH-PBE-q20
4 6 0 10
0.330000000  2  19.913945759   2.802446583
4
0.434384630  2   2.275053922   2.293317392
                              -2.170684320
0.366688605  2  -2.559183221   1.395931772
                              -1.984142417
0.443094431  1  -0.709433460
0.236480083  1 -23.647192085

Dy GTH-PBE-q20
4 6 0 10
0.512768724 2    16.999663321    -0.955403350
4
0.440585385  2   1.937083218   1.375198838
                              -3.560087269
0.434813012  2   0.030788534   0.850818464
                              -2.037341975
0.467218698  1  -0.668437242
0.261702832  1 -23.924108726

