Tb GTH-PBE-q29
4 6 10 9
0.480000000  1  -6.767329540
4
0.259761876  2 235.777482784 -257.088069667
                              295.333148004
0.268301311  2 386.723023070 -236.599431114
                              176.531125165
0.242304367  1 -12.971735602
0.179749187  1 -33.221079756

Tb GTH-PBE-q29
4 6 10 9
0.490000000  1    -6.404936899
4
0.245953817  2 583.614997413  -756.264462849
                               985.233631927
0.266359628  2 468.810931519  -264.186339740
                               181.524723514
0.240711524  1 -13.969004329
0.184147516  1 -32.216664887

Tb GTH-PBE-q29
4 6 10 9
0.490000000  1  -7.034484047
4
0.260269243  2 236.160185614 -256.594384317
                              293.211889380
0.266858319  2 374.642696245 -233.543978250
                              178.974147666
0.244837846  1 -12.987802612
0.179420821  1 -33.875661231

Tb GTH-PBE-q29
4 6 10 9
0.500000000  1  -7.272801776
4
0.259166302  2 229.865072125 -254.613943211
                              295.196064370
0.270251357  2 398.718952272 -233.124922698
                              168.561767849
0.245407837  1 -13.288686713
0.180455163  1 -33.908357345

Tb GTH-PBE-q29
4 6 10 9
0.510000000  1  -7.485138391
4
0.259285332  2 229.615812527 -254.792643241
                              295.157429339
0.270227070  2 400.496495665 -232.889370285
                              168.487972141
0.247669926  1 -13.350076597
0.180359636  1 -34.466788098

