Tm GTH-PBE-q33
4 6 10 13
0.490000000  1  -7.545457120
4
0.230173648  2  238.038779921  -249.382462332
                                279.577257013
0.245384028  2  440.084249602  -240.767759235
                                166.131773575
0.262913117  1 -13.529589889
0.180156154  1 -35.331233474

Tm GTH-PBE-q33
4 6 10 13
0.500000000  1  -7.820984622
4
0.229824520  2  237.571048959  -252.425857659
                                284.841129864
0.245648958  2  439.356463332  -234.946254129
                                160.668667820
0.268822896  1 -13.225193664
0.180076023  1 -35.800235126

Tm GTH-PBE-q33
4 6 10 13
0.510000000  1   -7.835960485
4
0.226917367  2 242.830611968  -251.295033390
                               279.069433906
0.246276234  2 440.029705876  -241.980611940
                               164.023348465
0.269254757  1 -13.671585907
0.182680647  1 -35.293449985

Tm GTH-PBE-q33
4 6 10 13
0.500000000  2  -10.046182621   0.427025894
4
0.229956371  2  234.075319242  -251.247997059
                                288.731058599
0.255313110  2  442.151218607  -246.097274947
                                159.466087786
0.258147530  1  -13.411138553
0.179849180  1  -34.493106531

