Ho GTH-PBE-q31
4 6 10 11
0.480000000  1  -6.537685955
4
0.243477151  2 242.686445688  -257.656043067
                               290.279454244
0.259673269  2 440.980284186  -249.743385441
                               167.762668571
0.250854296  1 -13.492970246
0.183006892  1 -32.844931720

Ho GTH-PBE-q31
4 6 10 11
0.490000000  2  -6.682897177    -0.005233085
4
0.242342194  2 242.293500900  -257.803887500
                               290.418031100
0.260714907  2 442.012879000  -248.877536233
                               164.958347733
0.253778642  1 -13.570217814
0.184483021  1 -32.732449316

Ho GTH-PBE-q31
4 6 10 11
0.500000000  1  -7.070002029
4
0.242339356  2 237.963483100 -257.518622800
                              293.321138600
0.261022150  2 434.742743633 -250.778942067
                              168.922458067
0.259084819  1 -13.212357286
0.183863195  1 -33.334176813

Ho GTH-PBE-q31
4 6 10 11
0.510000000  1  -7.357414429
4
0.242457912  2 238.162366457  -258.134865586
                               293.520445140
0.260660262  2 433.570279818  -249.862366809
                               168.813133874
0.261760829  1 -13.218187636
0.183676608  1 -33.879799135
