Lu GTH-PBE-q35
4 6 11 14
0.480000000  1  -8.037726847
4
0.227377152  2 348.152975370  -257.771614360
                               224.497438073
0.259541174  2 497.160197357  -256.655824045
                               150.145490478
0.223825678  1 -19.463316561
0.184552697  1 -33.440166568

Lu GTH-PBE-q35
4 6 11 14
0.490000000  1  -8.165545656
4
0.220945258  2 317.613963120  -245.012664370
                               227.382408876
0.252847006  2 515.381490011  -256.956789586
                               148.927676699
0.222838425  1 -20.524328427
0.184835572  1 -34.437891752

Lu GTH-PBE-q35
4 6 11 14
0.500000000  2 -10.876890440     0.399317221
4
0.222682723  2 233.230143694  -252.409664364
                               292.296632504
0.260810598  2 446.563354952  -250.468621747
                               157.172085843
0.230915994  2 -16.555033923    -0.436730402
                                -0.229553065
0.179002400  1 -35.638407734


