Ac DZVP-MOLOPT-GTH-q21
 1
 7 0 3 7 3 2 3 1
     14.69972587 -1.72753083715818E-01  1.96190657028661E-02  1.11761277469401E-01  3.19364531106790E-01  5.20841523604323E-02  9.13262365509884E-01 -3.31864959092201E-01  2.70421909938725E-02  5.94908924851224E-02
     11.10132097  2.72916699128436E-01 -5.02457010061352E-02 -1.76100581686071E-01  8.34065898880837E-01 -1.68967479916600E-01  6.35584970891555E-02 -7.01562995375392E-02 -3.90680029295846E-01 -3.47576163725162E-02
      3.46104021 -2.64123575702283E-01  3.20862299515074E-01  1.63637105448548E-01  1.88916597174469E-01  1.38062725230675E-01 -1.20414584146351E-01  1.31557031467147E-01  5.53180880217934E-01  2.15068016996632E-01
      1.51778455 -8.30115783873750E-03 -8.11596762267246E-01  5.83094249104499E-02 -3.65589465276813E-01 -3.79579559641168E-01  1.30222556861969E-01  4.34300440775673E-02  7.03347492358052E-01  4.19046376411472E-01
      0.59586359  3.55426659342403E-01  4.37722581848620E-01 -3.67152980994554E-01  1.02236341755614E-01  5.92034178857854E-01  1.57953250740756E-02 -2.62104018379082E-01  1.99706307354159E-01  6.08696919266179E-01
      0.22838947  4.81215285345272E-01 -2.02331190385842E-01 -5.22068323555151E-01 -1.50105158283076E-01  6.74040584629566E-01 -3.30182400147557E-01 -8.01068236685737E-01  6.89143596796944E-02  6.09466352726354E-01
      0.05284523  6.84066088853307E-01  5.39404556469240E-02  7.20391743957685E-01  3.37737574409179E-03  2.75698194474411E-02 -1.45549555612013E-01 -3.94133841515348E-01  3.60451828057864E-02  1.77306090327642E-01

Th DZVP-MOLOPT-GTH-q22
 1
 7 0 4 7 3 2 3 2 1
     15.65083738  7.43175167600339E-02  5.14091294353502E-02 -5.74046523949939E-02  1.24487754131310E-02  4.24142005772883E-02  1.56929260554165E-01 -4.10333154160107E-02 -6.18324030369884E-02 -4.36101971974184E-02 -4.51182391893735E-02  1.91703425235602E-03
     10.44981858 -1.29503338844791E-01 -8.84880858418599E-02  1.03446710006165E-01 -2.02164843284761E-02 -8.22531587836197E-02 -2.87181383806743E-01  8.11005323658966E-02  1.09682000174669E-01  2.81907215745866E-02  2.79173393367984E-02 -5.27163575565700E-03
      3.69370707 -2.16069715092787E-02 -3.27980548646716E-02 -3.39839582182695E-02 -2.17510574782545E-02  1.39670969681699E-01  4.63278939986790E-01 -1.52415322160740E-01 -1.70824729283408E-01 -1.91557176555676E-01 -1.87426040422515E-01  9.85852421499105E-03
      1.61813847  4.56864064266901E-01  4.73771576805137E-01 -1.05220447619207E-01  1.13427476139605E-01 -4.03282789509051E-01  7.05500047553362E-01 -2.08135561682218E-01 -1.82607044193556E-01 -3.71669422084798E-01 -4.17203755257800E-01  3.43332759075644E-02
      0.62264623 -2.19585851118137E-01 -6.82037309820982E-01 -4.58126272399531E-01  7.41454138041532E-02  6.65878291164933E-01  1.05323350710310E-01  3.00274105222369E-01 -4.68353884709896E-01 -5.70114556179658E-01 -4.66682009838217E-01  2.50274666554480E-01
      0.23841861 -2.73403619132524E-01 -1.48266081784136E-01  8.39978258786620E-01 -2.08902961486350E-01  5.91866772336879E-01  1.02832772207069E-01  8.55947566570042E-01 -2.25573335553527E-01  2.82718557094832E-01 -6.10450853660187E-01  7.35263319481970E-01
      0.06095865 -8.03459191576249E-01  5.26150185486947E-01 -2.41524481910325E-01 -9.67966647773223E-01 -1.24861084939511E-01  3.98590992621570E-01  3.19964612458210E-01  8.07082090628273E-01  6.46150704573603E-01 -4.44471742168210E-01  6.28842597799553E-01

Pa DZVP-MOLOPT-GTH-q23
 1
 7 0 4 7 3 2 3 2 1
     18.2985785  1.77682595363701E-02  4.97250560199387E-02  5.35170962100834E-02  1.01732735671268E-02  2.15049677799955E-02  8.73268136796697E-02 -2.04144735606303E-02 -3.45546145406186E-02 -3.55281659117862E-02 -3.21476717271464E-02  7.08374472357367E-04
      9.1686871 -2.75483546222680E-02 -1.48820486353026E-01 -2.21959974122910E-01 -2.46028992645369E-02 -6.88959366122752E-02 -2.55379935093931E-01  6.93759383089824E-02  9.63024572217213E-02  2.26638057550551E-02  1.84824918937795E-02 -4.66926144596042E-03
      4.0074891 -1.39439848137972E-01  1.09455712592552E-01  5.37370977316773E-01 -1.76684685629859E-02  1.40013728848555E-01  4.91161037752030E-01 -1.52574061731026E-01 -1.80362583781508E-01 -2.19843126075983E-01 -1.88303521845046E-01  8.63408805363246E-03
      1.6986792  5.28361335720601E-01  3.92999432608169E-01 -5.62000356310638E-01  1.20118510529702E-01 -3.95922526409919E-01  7.16264682175079E-01 -1.99749046778770E-01 -1.91390155742950E-01 -4.60412171850064E-01 -4.40535295774201E-01  4.34505437630948E-02
      0.6552132 -2.90416372671893E-01 -6.55635179202321E-01 -2.60903438621900E-01  1.12516542354679E-01  6.60748243647159E-01  1.00343747667431E-01  3.22807628144112E-01 -4.58005172942265E-01 -5.24769320167153E-01 -4.39499690251363E-01  2.28826554375246E-01
      0.2496921  6.43320012949484E-02 -4.06656863225845E-01 -3.42138393275371E-01 -2.05543907578579E-01  6.09341726811313E-01  1.07557571992331E-01  8.62512895986316E-01 -1.88569970288379E-01  3.50192052402470E-01 -6.10937108830468E-01  7.59407736998979E-01
      0.0629137 -7.82199417585402E-01  4.62302370726815E-01 -3.97653666030059E-01 -9.64179599583681E-01 -1.02697680489924E-01  3.88900189557845E-01  2.88891747753604E-01  8.21610363777698E-01  5.83006363867958E-01 -4.50212430810873E-01  6.07415422896202E-01

U DZVP-MOLOPT-GTH-q24
 1
 7 0 4 7 3 2 3 2 1
     19.08978636  1.75347549178284E-02  4.44420080735720E-02  4.80239929694140E-02  8.68435139342888E-03  1.67268952122398E-02  7.80605144894831E-02 -2.09275629451207E-02 -3.10890038296303E-02 -3.55423417599900E-02 -3.04446500872110E-02  6.81178918943916E-04
      8.83283639 -3.35654827919500E-02 -1.52640996761123E-01 -2.23452755146060E-01 -2.25772179201467E-02 -6.30087936688894E-02 -2.72621285211113E-01  8.49666578187524E-02  1.02601811433983E-01  3.10554252071395E-02  2.46593491025110E-02 -5.61419755291983E-03
      4.24063536 -1.33681693664181E-01  1.16730324474419E-01  5.31789324103624E-01 -2.12665784912729E-02  1.31473914605043E-01  4.97951052758647E-01 -1.73180621064370E-01 -1.83991485698682E-01 -2.35834496156873E-01 -1.90774629067401E-01  9.62535858579351E-03
      1.77880400  5.39200044116460E-01  3.94574804002898E-01 -5.66696275595357E-01  1.16590270695355E-01 -3.97332134906918E-01  7.00290823432483E-01 -2.16873357735680E-01 -1.71024251134266E-01 -4.90617050979162E-01 -4.38260236478327E-01  4.38658402084721E-02
      0.70559429 -2.56900676457443E-01 -6.60083007937177E-01 -2.52785775845133E-01  1.57302803266213E-01  6.44634595782697E-01  9.65344757318968E-02  2.70356898911526E-01 -4.62241968352600E-01 -5.17787587133563E-01 -4.14714908360579E-01  2.20962483519958E-01
      0.26534434  1.41145313785845E-02 -3.91991974420588E-01 -3.56973248917147E-01 -2.67283433732275E-01  6.25000948949216E-01  1.42995102593376E-01  8.71245382414339E-01 -2.16352583847370E-01  4.02599005012498E-01 -6.57792168469953E-01  8.00547808982269E-01
      0.05869981 -7.89785559742940E-01  4.64804371798274E-01 -3.90496426873002E-01 -9.42965899079704E-01 -1.20049735436382E-01  3.89172453071599E-01  2.88367394469512E-01  8.15431237445428E-01  5.20825650282043E-01 -4.06594458511349E-01  5.55202615021217E-01

Np DZVP-MOLOPT-GTH-q25
 1
 7 0 4 7 3 2 3 2 1
    20.22911409  3.14125810096807E-02     2.59459269191301E-02    -4.14761709658457E-02     7.84940237090555E-03     1.38888689656470E-02     6.87806166458933E-02    -1.94228679015142E-02    -3.11248582472546E-02    -3.72295564113010E-02    -3.06154352802809E-02     9.95676092028620E-04
     8.49768170 -1.12470094209314E-01    -9.16543543564012E-02     1.63082508214258E-01    -2.10283656461176E-02    -6.17297308836176E-02    -2.85870633112056E-01     9.61682501307260E-02     1.22411807179445E-01     3.48354865710114E-02     2.71697410243953E-02    -9.93336316755721E-03
     4.46822954  1.70551671081245E-02     1.82057644344438E-03    -1.18700851525530E-01    -2.85348312864004E-02     1.26483885204299E-01     5.05571872818620E-01    -1.86893700315703E-01    -2.12205894921308E-01    -2.53769514738437E-01    -1.95568132567222E-01     1.76657938182662E-02
     1.85447574  4.18835174111796E-01     4.94539169808257E-01    -1.75235159882369E-01     1.24720233995677E-01    -3.90793349166959E-01     6.54815741711797E-01    -2.10315255413379E-01    -2.32803861620461E-01    -5.37286603194877E-01    -4.37231995869194E-01     4.16665420657119E-02
     0.73883334 -2.44223113078021E-01    -6.93998060460381E-01    -4.49000650297103E-01     1.75166538001777E-01     6.32934732220040E-01     1.18793663434900E-01     2.44921214535170E-01    -3.38025525042207E-01    -4.49521944808422E-01    -4.37707879188941E-01     3.25682506912503E-01
     0.27886581 -1.51697794953707E-01    -1.71711835066689E-01     8.41270913639801E-01    -2.58387929702531E-01     6.43359985353254E-01     1.05534532069026E-01     8.68767893221090E-01    -3.14020083734058E-01     4.51150106908785E-01    -6.55678453895649E-01     8.62827800624974E-01
     0.06580050 -8.53224938635280E-01     4.85011052457417E-01    -1.32469752174248E-01    -9.41105298627473E-01    -1.12962288708204E-01     4.51565235362193E-01     3.10593954176173E-01     8.19724187924813E-01     4.88587955841477E-01    -3.83931458987939E-01     3.83811473364484E-01

Pu DZVP-MOLOPT-GTH-q26
 1
 7 0 4 7 3 2 3 2 1
    19.81732743  3.54904266925247E-02  2.64517163666890E-02 -5.31559872242963E-02  1.00779058263681E-02  1.81906202748818E-02  7.22866800260669E-02 -2.17929001055640E-02 -3.26606714670637E-02 -3.91455016426979E-02 -3.02500304618192E-02  1.03475271435743E-03
     8.64355568 -1.31055614022895E-01 -9.01652630751770E-02  2.22539345740206E-01 -2.72231311101340E-02 -7.33043661887036E-02 -2.97607462198840E-01  1.05414378717321E-01  1.27846732271596E-01  4.64419876472461E-02  3.37157662195776E-02 -9.76970121347839E-03
     4.55911405  4.65298557075973E-02 -6.16857520052682E-03 -2.10308433124798E-01 -2.53367213278079E-02  1.24501950048401E-01  5.16455262515063E-01 -1.99879344643911E-01 -2.18859148140751E-01 -2.77477201158166E-01 -1.99369411029247E-01  1.63599717118008E-02
     1.89370186  4.04433731427059E-01  4.99975540754821E-01 -1.58421332367195E-01  1.15652280834733E-01 -3.66282654532877E-01  6.39797969296662E-01 -2.15571742662057E-01 -2.15497794987785E-01 -5.60736431582366E-01 -4.25267385687947E-01  4.64614398123442E-02
     0.76136275 -2.61766568783262E-01 -6.82358003825016E-01 -4.50788005256881E-01  2.28427070695121E-01  6.44367809278191E-01  1.06055299414428E-01  2.43528273001591E-01 -3.49447284084513E-01 -4.18399107820468E-01 -4.40331370731585E-01  3.08424808691477E-01
     0.28090699 -1.62002068740976E-01 -1.71947083742106E-01  8.09797666604753E-01 -3.11651219236583E-01  6.46541275384043E-01  1.40172548714246E-01  8.73636078151800E-01 -2.88671673338181E-01  4.64868712303818E-01 -6.70730164962334E-01  8.84537148081220E-01
     0.06008604 -8.49156509866798E-01  4.95962392093680E-01 -1.39074219413041E-01 -9.14239863689390E-01 -1.06800553579946E-01  4.46364071909701E-01  2.81858001155544E-01  8.26320233248221E-01  4.62310605020312E-01 -3.65481875255833E-01  3.46331256471518E-01

Am DZVP-MOLOPT-GTH-q27
 1
 7 0 4 7 3 2 3 2 1
    19.99422642  3.28935795881491E-02  2.77545455368389E-02 -5.50935859305378E-02  6.35813942058598E-03  1.59731198290985E-02  7.16133147969511E-02 -1.99898575646710E-02 -3.30027617077066E-02 -3.86846634283326E-02 -3.03026141053354E-02  4.14381774135736E-04
     8.59229808 -1.30861194603581E-01 -1.00822760357555E-01  2.65073371954381E-01 -1.64776913674775E-02 -6.71297499318700E-02 -3.27324668625207E-01  1.09492963657499E-01  1.42564904305905E-01  6.09509937250756E-02  4.37300564628040E-02 -5.90211484759571E-03
     4.81578474  5.18573252063793E-02  7.58267646998245E-03 -2.43093842216639E-01 -1.96570435423691E-02  1.13753582871651E-01  5.27500006886922E-01 -1.92545539959808E-01 -2.27285042617556E-01 -2.88553155953421E-01 -2.09736250783759E-01  6.71680910755546E-03
     1.97740171  3.78930619322116E-01  4.88720920492077E-01 -2.56432114714190E-01  6.83223281071729E-02 -3.62646515332248E-01  6.23301677004641E-01 -1.96357417086604E-01 -2.04185896551780E-01 -5.60101289134993E-01 -4.32837900026327E-01  5.29049940937889E-02
     0.79654626 -2.62344768610136E-01 -7.07473804125383E-01 -4.84943955634211E-01  2.25503694840867E-01  6.15494148781904E-01  8.70076139504214E-02  2.32156688223915E-01 -3.57572917656511E-01 -4.05282996772470E-01 -4.30431035726195E-01  1.98273693199224E-01
     0.29685965 -1.27742908065145E-01 -1.69944793448815E-01  7.41240219692381E-01 -2.76542891394251E-01  6.82168002814281E-01  1.28298469302517E-01  8.80204738984308E-01 -2.88685203735543E-01  4.62077302732237E-01 -6.66351875658125E-01  8.34478884275201E-01
     0.06016917 -8.66240576025710E-01  4.69849342601279E-01 -1.31305199035852E-01 -9.31292560210764E-01 -8.12394742096725E-02  4.43777009904721E-01  2.88659948526248E-01  8.20998268289509E-01  4.69086723436966E-01 -3.69507499840922E-01  5.11325213232612E-01

Cm DZVP-MOLOPT-GTH-q28
 1
 7 0 4 7 3 2 3 2 1
    19.43201393  2.72791786034577E-02  3.79262221796328E-02 -2.89661879710410E-02  7.12486718919614E-04  8.16346803411158E-03  7.37918322568995E-02 -1.97994297546808E-02 -3.72572850311581E-02 -3.51076309546495E-02 -3.56226707551986E-02  5.13360577009831E-04
     8.55013901 -1.02051269763255E-01 -1.74874391067013E-01  4.13512450712631E-02  1.34838119703906E-03 -3.89684344673879E-02 -3.60109602579856E-01  1.18104200145458E-01  1.75200448139244E-01  8.05514296945206E-02  7.58367338329708E-02 -6.01500659314539E-03
     5.12233186  1.02643662316756E-02  1.29415991637090E-01  2.22666148374207E-01 -2.49435554476438E-02  9.65884524932793E-02  5.14043941128808E-01 -1.83598769990586E-01 -2.52479477818130E-01 -2.50637393288800E-01 -2.41620832837018E-01  6.66821305734013E-03
     2.07516427  3.56230612298696E-01  3.85537339055802E-01 -7.37839787638054E-01  9.16895654351408E-02 -3.94640790018404E-01  6.04456908736506E-01 -2.10483831028768E-01 -1.85605483596512E-01 -4.83124131826607E-01 -4.95083740773401E-01  3.57752051319449E-02
     0.83186888 -2.24766601844014E-01 -6.77862008009172E-01 -1.28504898825906E-01  2.97310391310703E-02  6.09369394069261E-01  7.71301894362506E-02  2.84080637450245E-01 -3.86925100285926E-01 -3.88581839480064E-01 -4.44199538791344E-01  1.55391509008765E-01
     0.31048558  5.50837799968935E-02 -4.94195302428075E-01 -5.46704509806625E-01 -2.51909626870610E-01  6.52047318818365E-01  1.56115801816881E-01  8.78374706834098E-01 -2.16375040247212E-01  3.60989611726937E-01 -5.48459886711484E-01  5.82143766092989E-01
     0.06597995 -8.99044787693213E-01  3.14431409815050E-01 -2.96755688347756E-01 -9.62614212478117E-01 -1.91956693545352E-01  4.52708849032155E-01  2.35379469883769E-01  8.20482921303209E-01  6.44004305891372E-01 -4.37458341212919E-01  7.97246097711392E-01

BK DZVP-MOLOPT-GTH-q29
 1
 7 0 4 7 3 2 3 2 1
    20.00066117  3.09090563543971E-02  3.69183270631417E-02 -3.74497087729883E-02  2.20401701160646E-03  1.49603804163800E-02  6.71117723667609E-02 -1.93264676823087E-02 -3.99121780827372E-02 -3.60624784505062E-02 -3.42561151928550E-02  4.50861533352702E-04
     8.53718028 -1.26878928134969E-01 -2.02919995899008E-01  2.74005875720194E-02 -5.20112978284162E-03 -6.11950103782967E-02 -3.54233929782660E-01  1.24798158688049E-01  2.01787392677208E-01  8.19122172004398E-02  7.30581108375718E-02 -5.03667628450823E-03
     5.18073285  4.27850473671113E-02  1.79600452337894E-01  2.70417021985619E-01 -1.25305329475392E-02  9.29944117715838E-02  5.21705730542523E-01 -1.98558972558068E-01 -3.00221266900230E-01 -2.80705334297701E-01 -2.56107313462548E-01  6.35633930400946E-03
     2.09037305  3.36205690669514E-01  3.85990063326901E-01 -7.40395189137567E-01  4.11372964375617E-02 -3.46526394400285E-01  5.71300163337267E-01 -1.99236410053073E-01 -1.97124447331151E-01 -5.16160926683215E-01 -4.76893461708270E-01  1.95492065356273E-02
     0.83584264 -1.47297913097115E-01 -7.24261060273833E-01 -1.28019928716775E-01  1.41505418687137E-01  6.45079686110609E-01  3.81087698243753E-03  2.88965777871656E-01 -4.47665937434492E-01 -3.59532464062202E-01 -4.33333873881253E-01  1.23933024821853E-01
     0.30812937  3.11427695365755E-03 -4.07042989890445E-01 -5.48104700165550E-01 -2.92606977245881E-01  6.60186897691697E-01  1.73146995067143E-01  8.78388824614042E-01 -1.90454825120588E-01  3.79891210996721E-01 -5.70488163954267E-01  4.09473488091392E-01
     0.05518679 -9.19986503808682E-01  2.93219681938637E-01 -2.44394068552587E-01 -9.44709570446420E-01 -1.23807567496677E-01  4.91384963553295E-01  2.23300126674922E-01  7.69428474526138E-01  6.10893914257182E-01 -4.32707418146252E-01  9.03617132417894E-01

Cf DZVP-MOLOPT-GTH-q30
1
 7 0 4 7 3 2 3 2 1
    19.68592095  3.10118492965392E-02  4.11947441161378E-02 -4.35310493220403E-02  2.52428572210756E-03  1.60199396518332E-02  6.65576061152278E-02 -1.88328351343861E-02 -4.06916244149829E-02 -3.66623431332182E-02 -3.55873802412068E-02  5.24264235116744E-04
     8.49437421 -1.40577804108964E-01 -2.34860358880151E-01  4.98528439895086E-02 -2.49093526376019E-03 -6.41519272253617E-02 -3.82545957887375E-01  1.34399421233737E-01  2.25844108646816E-01  1.05755793195102E-01  9.64180750414508E-02 -6.32360252817534E-03
     5.43041459  6.41190393398083E-02  2.04090037987677E-01  2.71633367181954E-01 -2.34546275221270E-02  8.53637511174335E-02  5.26188847911997E-01 -1.98772837736216E-01 -3.14072169152312E-01 -2.92540477469758E-01 -2.72580189414521E-01  7.25477146167919E-03
     2.16134401  3.14882374312953E-01  3.99804828903842E-01 -7.73910602329948E-01  6.47660242634473E-02 -3.27823600548397E-01  5.28519715734490E-01 -1.91128909512841E-01 -2.03389513009871E-01 -5.07170660155661E-01 -4.79083198388272E-01  2.48939634791112E-02
     0.86555731 -1.65035752947952E-01 -7.10932000139941E-01 -2.23759984624782E-01  1.16551716871878E-01  6.30010375444455E-01  2.59456081443602E-02  2.88715053037177E-01 -3.76329454802308E-01 -3.42902848437516E-01 -4.30476926993746E-01  1.38251919786356E-01
     0.31964405  4.37993652530554E-03 -3.71263187503930E-01 -4.75186789260490E-01 -2.52332957220931E-01  6.83885992856642E-01  1.66141000614658E-01  8.83963908245967E-01 -2.07201313445127E-01  3.92338525056645E-01 -5.64487845988895E-01  4.75275298538984E-01
     0.06076609 -9.21280631372018E-01  3.13665900034887E-01 -2.16855757864057E-01 -9.58116089921449E-01 -1.27512682868378E-01  5.14533647993986E-01  2.01971893806581E-01  7.89160164990844E-01  6.10866346765402E-01 -4.26215332420732E-01  8.68497088852625E-01

Es DZVP-MOLOPT-GTH-q31
 1
 7 0 4 7 3 2 3 2 1
    19.78341856  3.03477183516526E-02  5.04979325985288E-02  1.79772908370354E-02  6.18740748306082E-04  1.55851467892709E-02  6.10295293580039E-02 -1.72259070899064E-02 -3.49824873748819E-02 -3.40794206468821E-02 -3.77164578828277E-02  3.59025139213606E-04
     8.28904745 -1.88869149820111E-01 -2.87603748961153E-01 -3.62872574561910E-02  9.09897142543187E-03 -6.81975484186872E-02 -4.30322971074283E-01  1.55588337525122E-01  2.38398629869912E-01  1.32990473671779E-01  1.38288544739167E-01 -5.93519188705183E-03
     5.77067798  1.34076144155198E-01  2.19402281896615E-01  1.69807242554996E-01 -3.55239133792486E-02  8.21603956009273E-02  5.49049843514277E-01 -2.11078201017253E-01 -3.06819428222691E-01 -2.94969050846876E-01 -3.11643319831798E-01  5.38559004249389E-03
     2.24618604  2.92510091421606E-01  4.22969123631070E-01 -6.39547711022601E-01  8.58250271417681E-02 -3.08703577619121E-01  4.66720883743668E-01 -1.81732473384087E-01 -1.76730205873753E-01 -4.54156033975735E-01 -4.98118628403896E-01  3.26293569023533E-02
     0.90356566 -2.10539670485763E-01 -6.21967840584180E-01  4.37438094276526E-03  3.00314290931623E-02  5.84669667509946E-01  6.19588671207840E-02  2.75826866879839E-01 -3.03639788180740E-01 -3.25952574453366E-01 -4.22883125648338E-01  9.62660854381344E-02
     0.33681866  7.30839539212490E-02 -4.28095204634851E-01 -7.11439058509924E-01 -1.52511288998988E-01  7.31647374140808E-01  1.70543552364501E-01  8.84660696945117E-01 -2.40207739981748E-01  3.29134758400455E-01 -5.01585597478717E-01  4.72122240583275E-01
     0.07052727 -9.00111480347328E-01  3.42905675934046E-01 -2.33108576590332E-01 -9.83426337946932E-01 -1.26140667335167E-01  5.08811771344399E-01  1.98014719937564E-01  8.16500895490356E-01  6.87977407235695E-01 -4.51433019266140E-01  8.75616580374819E-01

Fm DZVP-MOLOPT-GTH-q32
 1
 7 0 4 7 3 2 3 2 1
    19.61795034  3.12197465094561E-02  5.03228783349586E-02  2.26107491728595E-02 -6.13842337701957E-05  1.65047436505241E-02  5.44470734687909E-02 -1.20980339118659E-02 -3.14631631115589E-02 -3.32062448465244E-02 -3.54630226221349E-02  6.41152295172876E-04
     8.15644830 -2.44124005131922E-01 -3.44241019492110E-01 -3.82843386609378E-03  1.69578233367866E-02 -7.50293828270097E-02 -4.77236240688102E-01  1.49472543497197E-01  2.69175208646162E-01  1.87341242194421E-01  1.87275404853655E-01 -9.46170945664697E-03
     6.12050418  1.93644371181684E-01  2.85490210507090E-01  1.33885327881610E-01 -4.26887406044899E-02  7.68079180787382E-02  5.70412076778753E-01 -1.89542904808508E-01 -3.26019644331986E-01 -3.40647274853102E-01 -3.43545939317500E-01  9.01798379641465E-03
     2.31239140  2.79893699575297E-01  3.79574241859162E-01 -6.64126139711984E-01  9.30569437835005E-02 -2.87269813047133E-01  4.03136946453871E-01 -1.52036792974256E-01 -1.38185396393905E-01 -4.36559202516923E-01 -4.69845849526697E-01  3.16943102323233E-02
     0.92487882 -1.96582454875499E-01 -5.96197168123486E-01 -4.15420179002372E-02  8.77542385537641E-03  5.89848691632794E-01  4.78166177201999E-02  3.00475349406269E-01 -2.74473710749880E-01 -3.10471946531814E-01 -3.92176810471616E-01  8.32094843014822E-02
     0.34182633  7.12637896031872E-02 -3.90838529423892E-01 -6.98222805210686E-01 -1.61820765454625E-01  7.32150509579943E-01  1.68869659478332E-01  8.97468566966368E-01 -1.85330839301542E-01  3.18034570169569E-01 -4.93985897866703E-01  4.48489642871899E-01
     0.07099458 -8.83100777216538E-01  3.81023153727019E-01 -2.26372396015425E-01 -9.81309093457698E-01 -1.47339525188641E-01  5.00588015248911E-01  1.50780081049576E-01  8.31557229697026E-01  6.77965547578187E-01 -4.76515103707671E-01  8.89245429341054E-01

Md DZVP-MOLOPT-GTH-q33
 1
 7 0 4 7 3 2 3 2 1
    18.80163651  2.41995918797353E-02  4.85921928390107E-02  7.60225511748139E-02 -3.00410394616841E-04  1.96811069981525E-02  3.89478840170090E-02 -6.64534535868822E-03 -2.31391183893513E-02 -2.70988665193124E-02 -3.11559604350888E-02 -1.15643860938343E-03
     7.97770820 -3.39269386820882E-01 -4.61692516000137E-01 -7.36945995240575E-02  4.78256032433555E-02 -1.17532967266509E-01 -5.42438673868809E-01  1.65479863962637E-01  3.15272054291284E-01  3.07284162822593E-01  3.27864973311776E-01  1.29167325569867E-02
     6.76943794  2.93084278846485E-01  4.01760328445367E-01  1.60437660721712E-01 -7.61204339782952E-02  1.04322413545243E-01  5.83770254792234E-01 -1.88065161524934E-01 -3.44271111606146E-01 -4.10738887001641E-01 -4.39812705949658E-01 -1.68747589554301E-02
     2.41595754  2.42311999835904E-01  3.08142106752673E-01 -7.10240270546977E-01  9.63143722800703E-02 -2.57293539293148E-01  2.64766879612906E-01 -1.13171017917791E-01 -6.25440953360286E-02 -3.23230997324299E-01 -3.88031201783667E-01  3.30205787832948E-02
     0.96649740 -1.32705508447891E-01 -4.72054174628178E-01  4.84032107824677E-03  6.64948997024918E-03  5.56489599678719E-01  2.67287987191899E-02  2.82179304481958E-01 -2.24315213445217E-01 -2.41876659154797E-01 -3.13024863134876E-01  5.92992185438434E-02
     0.35735223  9.88718683930933E-02 -3.17819345310054E-01 -6.49046838706107E-01 -1.59723356697741E-01  7.57448241740588E-01  1.67277677578687E-01  9.08932331237304E-01 -1.91681168063163E-01  2.98711794072922E-01 -4.39971110227283E-01  3.92660681362348E-01
     0.07092679 -8.43985050113829E-01  4.51964179953293E-01 -1.93191524883550E-01 -9.78307761524766E-01 -1.59081774054947E-01  5.14449109635550E-01  1.36429201733432E-01  8.31008282547263E-01  6.95646698851529E-01 -5.05936055996173E-01  9.16928512234707E-01

No DZVP-MOLOPT-GTH-q34
 1
 7 0 4 7 3 2 3 2 1
    18.74582176 -9.51370158371805E-03  1.14770668842098E-02  4.23284877376071E-02  3.76698675258784E-03  1.76555574220461E-02  1.07914259518646E-02  2.29320492928202E-03 -3.46304386211774E-03 -6.18369697548255E-03 -1.02544601954780E-02 -1.01115607669966E-04
     7.59490086 -4.15772443750467E-01 -5.40571000914086E-01 -1.85904625920710E-01  3.86532902659781E-02 -2.14694237700731E-01 -6.35826304950546E-01  1.69193442071687E-01  2.38876773238766E-01  4.27506072292498E-01  5.20954833931809E-01  3.84518248882507E-02
     7.33543188  4.11347391574730E-01  5.04857375326719E-01  2.37316331608297E-01 -6.22961824597362E-02  1.87538761119216E-01  6.41919543059761E-01 -1.78226276586075E-01 -2.49518088374926E-01 -4.51953046358552E-01 -5.54828904994938E-01 -4.27057178706229E-02
     2.47313297  2.00667823348614E-01  2.19396962569632E-01 -7.65854866571852E-01  6.18108303619590E-02 -2.26457490801999E-01  8.51626207858407E-02 -9.99307470399681E-02  1.19152429165771E-01 -4.78723005797404E-02 -1.41450644863532E-01  3.73906573445173E-02
     0.98774259  1.61739716242718E-01 -2.77811943263956E-01  2.59961820297968E-02  5.10305675857629E-02  5.39197864255618E-01  2.13228218744623E-02  2.63290041894099E-01 -1.71446780232683E-01 -5.39692182240289E-02 -9.60509986963579E-02 -1.43771220961229E-02
     0.36552780  2.65532743187611E-01 -8.76866996090183E-02 -5.41353931113155E-01 -1.29235905324700E-01  7.51907468802849E-01  2.10366720247020E-01  9.23691995445306E-01 -1.12890391359813E-01  2.84219822514528E-01 -2.82934572742904E-01  2.53658894552470E-01
     0.06093574 -7.21734812172812E-01  5.65479301293598E-01 -1.64484561815165E-01 -9.85639032207079E-01 -1.05079517834942E-01  3.62748209640679E-01  8.41962700543081E-02  9.07926802015635E-01  7.25915575492965E-01 -5.58014105104175E-01  9.64753891372069E-01

Lr DZVP-MOLOPT-GTH-q35
 1
 7 0 4 7 3 2 3 2 1
    18.47690265 -3.07387898720935E-02  8.08115828520572E-04  7.32471894192942E-02  2.14921852913981E-03  1.26374976728622E-03  6.37813967868471E-03 -5.92789703351736E-04  5.42611337569728E-03 -1.03443163441460E-03 -4.74003850012845E-03  1.34099232012335E-03
     7.79575737 -4.11995907117589E-01 -5.46260900263978E-01 -1.88875862780971E-01  4.05274100731048E-02 -1.57056865656885E-01 -6.44037664577270E-01  1.66131090755254E-01  2.35819760236292E-01  4.47976523784051E-01  5.37047921105052E-01  4.15865718061940E-02
     7.70433163  4.04146244685150E-01  5.14881676416815E-01  2.61839955570748E-01 -5.67556789314288E-02  1.99372231055952E-01  6.38412665658917E-01 -1.59264295469369E-01 -2.62646079057763E-01 -4.54383863003102E-01 -5.48536778408650E-01 -5.12204939969484E-02
     2.61859759  1.95285881875678E-01  1.95583338136391E-01 -7.56656964639215E-01  5.68362903446542E-02 -3.80006381162146E-01  5.38633943435225E-02 -8.72634910583517E-02  1.36438405907735E-01  2.85896851006599E-02 -8.28799352169287E-02  4.73192517460492E-02
     1.07550482  1.87215699500752E-01 -2.07965830854124E-01  4.57856072907080E-02  2.69883497348361E-02  5.47339655771320E-01  3.60208834396420E-03  2.45900102358498E-01 -1.65560663785498E-01 -1.89230658417685E-02 -3.02811949957544E-02 -1.43082752328887E-02
     0.40701809  3.09813309524259E-01 -4.37600577337377E-02 -5.34035933614557E-01 -1.09501201038802E-01  6.93749059705379E-01  1.82708289248384E-01  9.30701560062289E-01 -1.39671210719966E-01  2.90381328621921E-01 -2.56149728086910E-01  2.71457270859943E-01
     0.07126367 -7.04847310886942E-01  5.94203385609277E-01 -1.74871761597021E-01 -9.89536484850873E-01 -1.01533004606478E-01  3.75908918510396E-01  1.12906254740354E-01  8.99912671334055E-01  7.12288214562540E-01 -5.80745854547312E-01  9.58912056213207E-01
