Ac DZVP-MOLOPT-GTH-q11
 1
 7 0 3 7 3 2 2 1
     2.86701219  1.19880112298402E-01 -1.00721629332933E-01 -7.01974679823150E-02  6.89915148808992E-02  1.58157285137559E-02  2.29829973455238E-04  2.70133604303179E-02  4.07564421792033E-01
     1.38180271 -4.23103736287135E-01  5.28836920609574E-01  2.20936414870438E-01 -4.65056863832273E-01 -8.33245545325917E-02  1.76866522367583E-02 -2.42405173743125E-01  2.19569532105340E-01
     0.66598207  1.33267975097935E-01 -5.64651072409035E-01  4.49845581744557E-02  5.54641897523246E-01  7.39419036043130E-02 -6.97582658314334E-02  1.71509333942653E-01  6.33562054397296E-01
     0.32098079  1.25811253223722E-01 -4.03070330454703E-01 -1.55975107611308E-01  6.13339679948380E-01 -4.11186754678386E-02  1.51472810084549E-01  8.35700399687788E-01  5.08795221699645E-01
     0.15470186  1.15393149351883E-01  5.28757841055208E-02 -3.26929094094968E-01  2.82362464867753E-01  2.26727706349818E-01 -5.59044156955299E-01  4.07879395365731E-01  3.48034296710308E-01
     0.07456105  6.59667460125355E-01  4.68368400784605E-01 -4.44960926239916E-01 -8.02082560102816E-02  5.64124149972762E-01 -6.77545392534233E-01 -3.32150637897034E-02  6.48702301778186E-02
     0.03593590  5.69689762524463E-01  8.20081247247125E-02  7.84241488929602E-01 -9.48006376094462E-02  7.84861275228639E-01 -4.47525164983927E-01 -2.12674772379280E-01  8.42554531725697E-03

Th DZVP-MOLOPT-GTH-q12
 1
 7 0 4 7 3 2 2 2 1
     3.12381624  6.07459158751584E-02  1.76098579436001E-03 -1.43931634688977E-01  6.55755096242631E-02  1.63678683219262E-02  3.17543573565943E-02 -1.16833682264341E-02 -1.26609378119301E-01 -4.72890057942846E-01  1.24040649886054E-02
     1.45795293 -3.25055696666101E-01 -1.31563107775794E-01  5.97731791844254E-01 -4.55387514058317E-01 -3.58917440208794E-02 -2.87997214940304E-01  5.37027846111111E-02 -1.88518917277346E-01 -4.99440092781518E-01 -4.39104809863491E-03
     0.68045832  3.14528204022674E-01  4.16997442845968E-01 -3.49887200887846E-01  6.02070718619697E-01 -1.29386639361449E-01  3.23563055763316E-01 -5.69953862801800E-02 -8.88294690003116E-02 -6.78076755147094E-01 -1.98510831495629E-01
     0.31758469  3.52195200880117E-01  7.46871802054702E-02 -2.63770364659353E-01  6.16359234263589E-01  3.58119377542955E-02  8.23945631242824E-01 -7.91736345109112E-02  6.75512090149248E-01 -2.11600126203804E-01 -7.52708338289304E-01
     0.14822367  1.06653452695684E-01 -4.71283270240494E-01 -1.94820680719085E-01  2.06088362867265E-01  4.35898615016454E-01  3.01022564911004E-01  6.76226291116057E-01  5.53135564780301E-01 -1.46941662985195E-01 -3.16592203359514E-01
     0.06917921 -4.80500080213112E-01 -4.85479467256898E-01 -5.84932439058552E-01 -5.70522376408263E-02  8.07714151504419E-01 -5.31052953829152E-02  6.35243815269760E-01  4.21988430497139E-01  2.40605829394704E-02 -5.40254861451910E-01
     0.03228744 -6.52245345758765E-01  5.87728484453213E-01 -2.23390857104585E-01 -1.43818485228427E-02  3.71497947710350E-01 -1.97572907285290E-01  3.55873390039133E-01  1.37926140334769E-02 -1.41818041405259E-02  4.17675300510816E-02

Pa DZVP-MOLOPT-GTH-q13
 1
 7 0 4 7 3 2 2 2 1
     3.42213883  6.49999047477090E-02 -6.85131589533787E-03 -1.38879464282128E-01  5.85439293004290E-02  8.20016671547773E-03  2.82634792119517E-02 -1.38929824728465E-02 -1.23323111972252E-01 -3.98010020133836E-01  1.14170597205959E-02
     1.56077540 -3.33922780304833E-01 -1.03805946945966E-01  5.77557656912483E-01 -4.36147105543156E-01  1.27127711721552E-02 -2.61880518213407E-01  6.16024012825526E-02 -2.53168224270513E-01 -6.06866488923713E-01 -4.06946738434494E-03
     0.71184133  3.04969609869488E-01  4.11606073432881E-01 -3.15529448057309E-01  6.00783869513946E-01 -2.12903259930615E-01  3.29711181320743E-01 -8.27239261088695E-02 -6.81627886675625E-02 -6.27674819002019E-01 -2.16637101879506E-01
     0.32465791  3.79720670924877E-01  1.03338617052796E-01 -3.25953507401726E-01  6.34407493963233E-01  8.07455597965563E-02  8.33230806252666E-01 -9.37216024153859E-02  7.00365622321832E-01 -2.60304498716581E-01 -8.26174949580921E-01
     0.14807058  1.30366142298203E-01 -6.33698205548931E-01 -1.81904961059761E-01  2.06975849260101E-01  4.17715575267299E-01  3.13713809790067E-01  6.90594727015549E-01  5.72543704289009E-01 -1.07087507658505E-01 -3.29427031128071E-01
     0.06753230 -5.09148289504290E-01 -3.82614830032653E-01 -5.94177610633292E-01 -7.71089249621649E-03  8.31883344181080E-01 -7.92759854750021E-02  6.49491017585802E-01  3.12555403691188E-01 -6.19764468570030E-03 -3.99068206687856E-01
     0.03080026 -6.08973748647537E-01  5.10990637400612E-01 -2.34943988915643E-01  5.97698615567346E-03  2.85319643649423E-01 -1.51445349947413E-01  2.85701738842692E-01 -6.47424794601863E-03 -7.79954723046119E-03  5.07819508274169E-02

U DZVP-MOLOPT-GTH-q14
 1
 7 0 4 7 3 2 2 2 1
     3.36010849  6.13006353031370E-02  3.75189839477806E-03 -1.40923593983843E-01  6.20470979528372E-02  1.14426864738372E-02  3.25212153458330E-02 -1.67976795166739E-02 -1.09296149862864E-01 -4.24202951223183E-01  1.40948548204714E-02
     1.56759792 -3.30872953833118E-01 -1.54090219629165E-01  5.87833526033396E-01 -4.50726706428163E-01  1.89680956510364E-02 -2.93160651526229E-01  6.77304670510084E-02 -2.23988126277659E-01 -6.08123057574745E-01 -4.36222820043446E-03
     0.73133449  3.31259943657412E-01  4.62750972958819E-01 -3.13597190336551E-01  6.05811603201328E-01 -2.70222371693577E-01  3.66847995783915E-01 -1.07371305194176E-01 -5.55424081352087E-02 -6.24127930432511E-01 -2.40139372855347E-01
     0.34119090  3.45931060732508E-01  4.90073074883817E-02 -2.71611019989256E-01  6.09050845835446E-01  1.39546920515645E-01  8.13343999589294E-01 -2.92525016768541E-02  7.50947483482518E-01 -2.24460570135283E-01 -8.48780878108104E-01
     0.15917645  8.85614117937268E-02 -4.48482143794269E-01 -2.18872226892249E-01  2.34342104211661E-01  3.65437254239881E-01  2.62167616509569E-01  7.25601133153905E-01  5.09225379516164E-01 -1.01201728393837E-01 -3.30309215256308E-01
     0.07426090 -4.38479409394019E-01 -4.75161541134324E-01 -6.00530558709066E-01 -4.06778375200382E-03  7.88649070200098E-01 -5.28555833673306E-02  5.72377697587655E-01  3.33454352695176E-01  8.65484613560270E-03 -3.34214415412639E-01
     0.03464508 -6.76207479521132E-01  5.76877131489909E-01 -2.32238107801119E-01  1.05921523220597E-02  3.89235224986987E-01 -2.12996989253725E-01  3.58654266156806E-01  1.93467409879212E-02 -1.81266006982592E-03  2.97145661678464E-02

Np DZVP-MOLOPT-GTH-q15
 1
 7 0 4 7 3 2 2 2 1
     3.37674781  3.98009687957743E-02  2.28862132302780E-02 -1.49767707534398E-01  6.33271112232308E-02  1.06561211758484E-02  2.63408088192791E-02 -6.96618219937208E-03 -1.37603629073179E-01 -4.21231655568284E-01  1.41567553129976E-02
     1.61435413 -2.67131360802493E-01 -2.17072472520039E-01  6.09685925329375E-01 -4.62302634691549E-01  3.65439093302671E-02 -2.66161472334484E-01  7.84660160803580E-03 -2.74107335494964E-01 -6.06321496879017E-01 -8.64546727619816E-03
     0.77178972  3.37947996570384E-01  4.69910335989461E-01 -2.92979791801871E-01  5.91462859707273E-01 -2.84408192133366E-01  3.11701380140887E-01 -1.64064429195593E-03 -6.23296501499003E-02 -5.93306903388255E-01 -1.95796715634656E-01
     0.36897689  3.27204702208650E-01  5.28422798244031E-04 -3.05820096582087E-01  5.80387538160096E-01  6.25273370564397E-02  8.16065214581021E-01 -6.48126281901657E-02  6.04487745905645E-01 -2.91046707512928E-01 -8.12835151824828E-01
     0.17640031 -4.68425261127684E-02 -1.76122018051332E-01 -2.27789423556870E-01  3.06927126388656E-01  3.84492312054641E-01  2.65833464583063E-01  7.13697132370506E-01  5.67635726900883E-01 -1.33156922242172E-01 -3.61372631071713E-01
     0.08433339 -3.71730152500917E-01 -5.90839451574081E-01 -5.82787311906258E-01  1.71663270135497E-02  6.67569220837315E-01  3.90810302771182E-02  4.84797733057297E-01  4.40516003200834E-01 -2.20393383210571E-02 -4.12330420138995E-01
     0.04031807 -7.51935785086970E-01  5.92814926464236E-01 -1.86977388884635E-01  3.29999754605527E-02  5.65924287782336E-01 -3.05203685732707E-01  5.01292425566937E-01  1.42742152588206E-01  6.07315961998277E-04 -8.99724510517264E-03

Pu DZVP-MOLOPT-GTH-q16
 1
 7 0 4 7 3 2 2 2 1
     3.41889751  1.97509017302511E-02  1.67324139138585E-02 -1.70418910692889E-01  6.41044423079170E-02 -4.33863515716193E-02  8.87073889296389E-03  8.72882883854965E-03 -7.09165702573905E-02 -4.28884576985426E-01  1.82101099355266E-02
     1.69365068 -2.07145855111608E-01 -1.50310230092959E-01  6.68028849645920E-01 -4.90165119700355E-01  1.89058282852452E-01 -1.99778214826981E-01 -7.67229191015733E-02 -2.08559612533125E-01 -6.38549258815830E-01 -2.35390444889296E-02
     0.83899930  3.49062693724312E-01  3.18424832206725E-01 -2.97816733084768E-01  6.17165062523020E-01 -1.04379950836527E-01  2.13010704732021E-01  1.59430058921972E-01  1.01889733757331E-02 -5.87455098705386E-01 -1.16691902680363E-01
     0.41562279  3.27656741344374E-01 -2.69853028160707E-02 -3.96917721546846E-01  3.11741650004901E-01 -5.25845606026779E-01  7.98745872399330E-01 -1.46831532812409E-01  5.58307726860003E-01 -2.43754485009739E-01 -8.26579690929597E-01
     0.20589088 -1.26948266311787E-01  5.60234756613033E-02 -1.38536419555557E-01  4.69139035556136E-01  3.00513544307184E-01  3.19460844163194E-01  7.10283132312713E-01  6.51698976686068E-01 -5.30121173817917E-02 -4.39899601455233E-01
     0.10199406 -4.39615645720496E-01 -7.08223405962111E-01 -4.61107410513338E-01  5.54518006756177E-02  2.29918086444341E-01  1.94166257484678E-01  3.06361057064691E-01  4.16169702043833E-01  1.91162872863999E-02 -3.17373160363302E-01
     0.05052573 -7.19804844392297E-01  6.08510688601535E-01 -2.15972181454427E-01  2.33209923197956E-01  7.29242825046353E-01 -3.69980647287897E-01  5.90508876463328E-01  2.04337020434392E-01  2.48476297370913E-02 -8.95875961994157E-02

Am DZVP-MOLOPT-GTH-q17
 1
 7 0 4 7 3 2 2 2 1
     3.37739604  2.57023396464917E-02  2.56489928381786E-02 -1.76310427131242E-01  7.04268525388081E-02 -3.09820857927170E-02  1.26833437831407E-02  1.59977546601070E-02 -7.08545526786687E-02 -4.54767925848602E-01  2.09308037425771E-02
     1.72947189 -2.54757624082151E-01 -1.66240990595893E-01  6.63688443183095E-01 -5.02379417120679E-01  1.80551795849461E-01 -1.78294240616561E-01 -1.20650355911750E-01 -2.22483332277667E-01 -6.23126297764728E-01 -3.23239081139901E-02
     0.88561512  3.94134674200138E-01  2.90915301695511E-01 -2.62161830627980E-01  5.99273071132139E-01 -1.24179561225550E-01  8.47052283959131E-02  1.81291446377064E-01  1.04565383430027E-02 -5.68992881940454E-01 -6.86092723184545E-02
     0.45349922  3.44043956378715E-01 -8.39750667737667E-02 -3.61452605243819E-01  2.95884270512333E-01 -4.84951190406908E-01  7.67265186414057E-01 -6.31791587679078E-02  4.49642115106602E-01 -2.73761697588355E-01 -7.64959487981331E-01
     0.23222451 -8.22354353157649E-02  2.26001009744581E-01 -1.23085472522396E-01  4.99870666022359E-01  2.78566809307590E-01  2.88390606815436E-01  7.09968480949362E-01  7.11276382134248E-01 -7.06788813741835E-02 -5.57917289011734E-01
     0.11891580 -4.16290699681145E-01 -7.01626865717596E-01 -4.91379507379147E-01 -1.47707641106939E-02 -5.66246495090499E-02  3.42942879360966E-01  2.02748217285296E-01  3.61917572180221E-01 -7.22475041126630E-03 -2.41511188022265E-01
     0.06089352 -6.93302923633353E-01  5.80229112083811E-01 -2.69168383314251E-01  2.14220461562738E-01  7.96892163779006E-01 -4.14005427439153E-01  6.34954553710882E-01  3.26029151329852E-01  3.39659034505511E-02 -1.97604303090981E-01

Cm DZVP-MOLOPT-GTH-q18
 1
 7 0 4 7 3 2 2 2 1
     3.34796688  1.96900658567736E-02  1.05783072167585E-02 -1.62968555379922E-01  5.71343584921700E-02 -4.94799118024581E-03  1.21384702070161E-02  8.81070749292147E-03 -7.19560545635864E-02 -4.65188830345515E-01  2.70285281509546E-02
     1.71682663 -2.47829960196463E-01 -1.28542093533515E-01  6.63622015900530E-01 -4.82555615104435E-01  1.30622997162296E-01 -2.22864995590261E-01 -8.89930551345897E-02 -2.31558833753399E-01 -6.40258990849397E-01 -5.43344793507557E-02
     0.88038316  4.53241461821524E-01  3.01462956605674E-01 -3.70030683890232E-01  6.42431378065550E-01 -1.94850702526873E-01  2.20234152819462E-01  1.58045498973604E-01  1.47594329086089E-02 -5.34605911124573E-01 -1.92000070249590E-02
     0.45145765  1.89890632882665E-01 -1.58730002192092E-01 -2.90958062638859E-01  3.03145162071108E-01 -3.44473692781282E-01  8.04813039892554E-01 -1.15570371947328E-01  3.80242056244932E-01 -2.82399106284708E-01 -7.84880937586235E-01
     0.23150603 -1.83149026034192E-02  2.40650976962209E-01 -1.10913258630786E-01  4.68793236490366E-01  2.61237511184282E-01  2.71103026722817E-01  6.94723510650212E-01  7.76486027455088E-01 -8.58359847012929E-02 -4.22270514609252E-01
     0.11871554 -3.85839690018162E-01 -7.10544495301259E-01 -4.69698498695289E-01 -2.37876665627342E-02  4.58249381583994E-02  2.40866821710135E-01  2.84363330119934E-01  2.85867423180802E-01 -2.04915004105874E-02 -3.00957000268989E-01
     0.06087695 -7.39931506907363E-01  5.51818384334309E-01 -2.80266548339181E-01  1.97301107297798E-01  8.69447678986523E-01 -3.49918652165574E-01  6.24631457089997E-01  3.34290646079479E-01  1.80920827941373E-02 -3.33201130016690E-01

Bk DZVP-MOLOPT-GTH-q19
 1
 7 0 4 7 3 2 2 2 1
     3.35233138  2.78725704835813E-02  2.10323973246989E-02 -1.50384736273349E-01  5.82154727682598E-02 -2.07038902401968E-02 -3.46908966381498E-03  7.55946063899116E-03 -7.40246233213196E-02 -4.65783060509727E-01  2.71069924819708E-02
     1.71850765 -2.47919123009031E-01 -1.57937592195063E-01  6.52513069932929E-01 -4.90295704246833E-01  1.56906944097235E-01 -2.11603234694988E-01 -8.88271786134091E-02 -2.57921264891623E-01 -6.52512096366283E-01 -5.26318571732499E-02
     0.88095961  3.80295251746282E-01  2.95994526829370E-01 -4.27315842480368E-01  6.41651388853108E-01 -1.60716412828012E-01  3.65412419818240E-01  1.77004732734681E-01  8.26901488437242E-02 -5.21460023379276E-01 -2.60106525859123E-02
     0.45160686  3.02975548538450E-01 -1.08416127361883E-01 -1.95503640716631E-01  2.98844151648368E-01 -3.94951824848516E-01  7.54258042021201E-01 -1.34522503635632E-01  3.91961779849717E-01 -2.83811490114498E-01 -8.28342060351698E-01
     0.23150750 -6.41814871595390E-02  2.22926163280039E-01 -1.24210296612816E-01  4.59532016402512E-01  2.67898252434012E-01  2.69324280195466E-01  7.04124739633358E-01  7.66457080436631E-01 -6.47354261864829E-02 -3.86082938726239E-01
     0.11867783 -4.20810331394201E-01 -7.13738436729245E-01 -5.13756908353962E-01 -1.17252735984512E-02  8.07418603673179E-02  1.93531305608072E-01  2.89569153347380E-01  3.23754760925050E-01 -1.37480211955714E-02 -2.83390022314101E-01
     0.06083789 -7.21207299218485E-01  5.62252530727827E-01 -2.26751545151232E-01  2.09498432442817E-01  8.45485735448410E-01 -3.77876529860316E-01  6.02481256111335E-01  2.74320391708323E-01  2.06131813120647E-02 -2.83369079560139E-01

Cf DZVP-MOLOPT-GTH-q20
 1
 7 0 4 7 3 2 2 2 1
     3.30552435  2.38614951119594E-02  2.80764205401829E-02 -1.52231392687016E-01  5.96671663267193E-02 -1.49192071674110E-02  5.44772010658729E-04  1.15089983296586E-02 -4.06762281361256E-02 -4.97361333723356E-01  2.42336332742326E-02
     1.74155552 -2.43698112896922E-01 -1.71353793016167E-01  6.57553182861034E-01 -5.07981671982491E-01  1.21269265998367E-01 -1.73911757959319E-01 -1.27144352216767E-01 -2.28346946014155E-01 -6.32338077651136E-01 -4.53713872068880E-02
     0.91755961  3.79968271082402E-01  2.80918513911373E-01 -4.41780150229469E-01  6.49210055398474E-01 -9.47932733602471E-02  1.56583260285370E-01  2.17295064208673E-01  1.29018093590963E-01 -5.24390265077515E-01 -4.05968548918250E-02
     0.48342739  3.18319759964892E-01 -1.53463256268459E-01 -1.38545986633812E-01  2.89489235578894E-01 -3.88515868310464E-01  7.61821642584865E-01 -6.39042822633477E-02  2.85657705217460E-01 -2.69710108459189E-01 -6.81687678904160E-01
     0.25469957 -5.12561170916205E-02  3.35705286950380E-01 -1.05379647365211E-01  4.69182509307811E-01  2.97239741903935E-01  2.59787303142114E-01  7.13047857034992E-01  7.66736909863848E-01 -5.11357852798061E-02 -5.66803043349667E-01
     0.13419155 -4.23910720552402E-01 -6.91516569461832E-01 -5.25793765418570E-01 -3.34958961198915E-02 -1.47913388867292E-01  3.65823694842339E-01  1.68521495208416E-01  2.94628052347470E-01 -4.04959078661080E-03 -1.61839770172606E-01
     0.07070044 -7.15549448794057E-01  5.25823358381151E-01 -2.06205648343908E-01  1.08915263157287E-01  8.45524099600363E-01 -4.04410005529914E-01  6.28938958617057E-01  4.16252261866586E-01  4.91965327491095E-02 -4.28427556168412E-01

Es DZVP-MOLOPT-GTH-q21
 1
 7 0 4 7 3 2 2 2 1
     3.25808087  2.64577883441659E-02  3.48064715928234E-02 -1.44477457637011E-01  5.25907775293042E-02 -2.16320477805168E-02 -5.65130677774103E-03  1.04149433346203E-02  2.10911844908044E-02 -5.16330435393605E-01  1.85639082504539E-02
     1.75825958 -2.52051914701180E-01 -1.95520162801577E-01  6.38893862085549E-01 -4.96636328687714E-01  1.50527021541463E-01 -1.53078391862020E-01 -1.55819592497149E-01 -1.57381051019602E-01 -6.22813935034334E-01 -3.09885605224014E-02
     0.94886434  3.59633147104927E-01  2.85570757116467E-01 -4.73429748224910E-01  6.74925446291085E-01 -8.49719284029481E-02  1.35559851532468E-01  2.67203335789002E-01  1.73212504945847E-01 -5.05150248295940E-01 -4.52210525311536E-02
     0.51206520  3.22519589339470E-01 -1.84863816417383E-01 -7.46862274144825E-02  1.93269026041043E-01 -4.19861361497155E-01  7.21442386091758E-01 -6.74275335828883E-03  1.38293078564817E-01 -2.82905534215722E-01 -3.85202009441554E-01
     0.27634168  2.82690653114797E-02  4.17466059370015E-01 -3.26562197255950E-02  4.93907821856499E-01  2.30090363978374E-01  1.95430276888378E-01  7.09973435140825E-01  7.66331701493518E-01 -1.48440380487570E-02 -7.26217794430521E-01
     0.14913086 -3.83721574814363E-01 -6.61832957267834E-01 -5.47269688391656E-01 -5.16505521483805E-02 -3.28752772930586E-01  4.75086432327422E-01  1.34243882149774E-01  1.88616269005127E-01 -1.82428239789715E-02  9.90176339396669E-03
     0.08048013 -7.44562653304280E-01  4.82218118159215E-01 -2.01634812558201E-01  1.05340289728644E-01  7.95204324368691E-01 -4.16868525524656E-01  6.18130243289739E-01  5.50289419869967E-01  9.86925685026281E-02 -5.66373753709986E-01

Fm DZVP-MOLOPT-GTH-q22
 1
 7 0 4 7 3 2 2 2 1
     3.28806918  2.93114532647667E-02  2.58933309761249E-02 -1.33047609795150E-01  3.58198662834713E-02 -1.03988232639360E-02 -2.89755439841127E-03  9.99466238700234E-03  1.41512864259876E-02 -4.97641387999810E-01  1.55689416801955E-02
     1.77002336 -2.62478543068842E-01 -1.51572092522669E-01  6.25699247936882E-01 -4.63059731380059E-01  1.16517174759476E-01 -1.60773103553683E-01 -1.42598012067244E-01 -1.49559418661159E-01 -6.47409370882966E-01 -2.51946247767939E-02
     0.95283357  3.70972136581869E-01  2.49903818347698E-01 -5.20421607748302E-01  6.95486740009113E-01 -1.10849074739051E-01  1.24293847737043E-01  2.35151361922530E-01  1.43165493901084E-01 -4.85705161400654E-01 -5.05764215444066E-02
     0.51292646  3.10200017051237E-01 -1.97912167005924E-01 -6.95908705962794E-03  2.13841732468438E-01 -3.37689799159451E-01  7.47991282423609E-01 -1.68631727407355E-02  1.60121878984356E-01 -2.97084551946082E-01 -3.23417887844561E-01
     0.27611701  4.37973140344181E-02  4.14106970583484E-01 -4.82928277829358E-02  4.97096889519846E-01  2.55468208790646E-01  1.94432439953677E-01  7.08634582920890E-01  7.41294113305882E-01 -2.44560705201665E-02 -7.43877003785736E-01
     0.14863846 -3.91376723692382E-01 -6.83483753910157E-01 -5.18414317561504E-01 -4.50548937375824E-02 -2.78688658248549E-01  4.67152948872542E-01  1.35037799117308E-01  2.44195927216765E-01 -2.15450409420573E-02 -4.37693693943199E-02
     0.08001460 -7.35736047691323E-01  4.85900881827323E-01 -2.20966296269260E-01  7.56787239588755E-02  8.46795323968468E-01 -3.78375267213093E-01  6.35285136586262E-01  5.67580596318790E-01  8.93483768840988E-02 -5.80255960662896E-01

Md DZVP-MOLOPT-GTH-q23
 1
 7 0 4 7 3 2 2 2 1
     3.31525376  3.99785257112254E-02  2.52964952944169E-02 -1.26413408318191E-01  8.56545008423547E-02 -2.66719620630787E-03 -5.32566587024837E-03  9.13136828055691E-03  7.43852230975092E-02 -4.93457367915072E-01  1.23530375131761E-02
     1.78620142 -2.81574514776322E-01 -1.42138529048807E-01  6.21492398340057E-01 -5.06962420049722E-01  1.05882647283462E-01 -1.51204018704753E-01 -1.26052567797880E-01 -4.71144074394628E-02 -6.29540651407873E-01 -1.42072794872672E-02
     0.96237445  3.38443981132353E-01  2.34257941997254E-01 -5.38647473597335E-01  5.81725425832495E-01 -1.43894036738706E-01  1.24521345680140E-01  2.22044543265872E-01  1.54334908973804E-01 -5.03223578398180E-01 -7.78889002718678E-02
     0.51851072  3.67034843183117E-01 -1.92027405670875E-01 -1.10858306966737E-04  3.51968928975019E-01 -3.49131237662807E-01  7.04532822281383E-01 -5.90998987103772E-02  2.09941841549206E-01 -2.67995736941031E-01 -2.93830847214406E-01
     0.27936461  3.41089395994011E-02  4.17337753383828E-01 -5.24234151452596E-02  4.91382878425442E-01  2.10090003280202E-01  2.76026326748853E-01  6.64318614735527E-01  6.60960596604787E-01  2.50320121288308E-02 -7.05526169579776E-01
     0.15051682 -3.99369102025343E-01 -6.95519505468070E-01 -5.02331540330814E-01 -3.15219629975917E-02 -3.17018633344897E-01  5.21862010981804E-01  9.31224320440987E-02  2.92675708474562E-01  2.72154532352219E-02 -1.52426411045531E-01
     0.08109586 -7.13582165011247E-01  4.79048259658854E-01 -2.29217244189711E-01  1.75826749267746E-01  8.37582839354757E-01 -3.41623224099841E-01  6.93714481475788E-01  6.33896087415040E-01  1.83726500197515E-01 -6.21483162577507E-01

No DZVP-MOLOPT-GTH-q24
 1
 7 0 4 7 3 2 2 2 1
     3.29670349  3.78662306079655E-02  2.03262350547931E-02 -1.12724619905267E-01  5.27100910858133E-02 -4.97410565153800E-03 -9.21778398492578E-03  7.13660433779657E-03  1.14956405838104E-01 -4.86379958543511E-01  1.22375667496522E-02
     1.77484398 -2.85797265953882E-01 -1.22178203376872E-01  5.93469088498161E-01 -4.52958365769257E-01  1.60674251652008E-01 -1.30937994038255E-01 -1.22217726434069E-01  3.67967893222659E-02 -6.22548940284195E-01 -1.84218636417902E-02
     0.95552152  3.69716401050844E-01  2.22642170094911E-01 -5.67138624538999E-01  6.10701210625730E-01 -2.21257219688654E-01  8.15089124385097E-02  2.11967054192173E-01  1.66769422343255E-01 -4.86350387468149E-01 -4.46207163212809E-02
     0.51442346  3.40805284721277E-01 -1.91103628221929E-01  8.41827040639445E-02  2.79286977038198E-01 -3.81828137786074E-01  7.42521876594262E-01 -3.86230523301087E-02  1.23946814694204E-01 -2.88992411170323E-01 -2.62513671528701E-01
     0.27694980  2.39549710652626E-02  4.02549539267944E-01 -7.69533187147190E-02  5.11007134524504E-01  1.33623769765588E-01  2.11251665914880E-01  6.74366850090024E-01  6.54180066250766E-01  5.61991325876925E-02 -6.55698507468266E-01
     0.14910127 -3.99319837033914E-01 -7.07380849363008E-01 -5.01981999295561E-01 -8.91641298220587E-02 -3.12504218007815E-01  5.43735454106473E-01  9.78452138510662E-02  1.95894103138640E-01  3.56433828685290E-03 -1.53155064251648E-01
     0.08027155 -7.09941856186380E-01  4.85937650891115E-01 -2.20106594810085E-01  2.68355449716665E-01  8.14798969648623E-01 -2.90710033785365E-01  6.88655058513120E-01  6.89876879759328E-01  2.29440608355955E-01 -6.89354360567531E-01

Lr DZVP-MOLOPT-GTH-q25
 1
 7 0 4 7 3 2 2 2 1
     6.56153954  4.80367881189553E-02  2.39139619469610E-02 -3.22881904291615E-02  3.44256657050377E-02 -7.98128666536551E-03  1.12489840393063E-02  1.04062996759140E-02  9.23186994720814E-04  1.40157353304366E-02 -3.67690745853911E-03
     3.22199744 -1.57224542182379E-01 -9.17669702060536E-02  5.69306722323582E-02 -1.17795452464362E-01  3.98520029412896E-02 -6.37154521227482E-02 -5.20801396016083E-02  2.62303253033679E-01 -5.34492265350429E-01  2.15569206572492E-02
     1.58213898 -2.52749460061152E-01  1.71105434283490E-02  2.96263281857035E-01 -1.76776852839322E-01  4.47376736024046E-02 -9.54960762549027E-02  2.22953132195130E-02  2.88576065736383E-01 -6.04973935018029E-01 -5.53565244801403E-02
     0.77689812  8.62703488172357E-01  1.25454664652699E-01 -3.00511159388055E-01  8.02601970823981E-01 -3.43952571960166E-01  5.35963014257658E-01  1.14905454103421E-01  1.64711801642245E-01 -3.79774894070142E-01 -4.80688365557133E-02
     0.38149031  2.03591950049537E-02  3.49995842558628E-01  1.07148842702000E-01  4.17930169418832E-01  6.13900950283851E-03  5.94990866957155E-01  3.62767244481900E-01  4.74290943699750E-01  7.49498390449716E-02 -5.92520436249571E-01
     0.18732811 -1.21122907252760E-01 -7.35959986472970E-01 -5.43143978594591E-01  1.20421499936542E-01 -2.35055899365614E-01  3.19663271955931E-01  4.06499018741645E-01  4.43899959276402E-01  2.15891494170643E-01 -5.23858595662359E-01
     0.09198614 -3.86972940622711E-01  5.57531264169147E-01 -7.14948408102703E-01  3.46918090464807E-01  9.07058059036526E-01 -4.93192872096346E-01  8.28635925907724E-01  6.31498974453964E-01  3.89451575421681E-01 -6.07156096939046E-01

