Ac GTH-PBE-q21
    4    6   11    0
     0.17127872428480    2     21.95311465863800    484.12830431633944
    4
     0.45867053419900    2    493.83963539440953   -156.65110365586708
                                                    53.64107844173435
     0.38538771828630    2     -6.57307337955781    -11.26210361314696
                                                    23.83193335223015
     0.19127050066607    1   -112.40141708782326
     0.16480887641679    1   -170.10803146475524

Th GTH-PBE-q22
    4    6   12    0
     0.17074274313823    2     23.57644166494907    482.35748193459261
    4
     0.45793012250716    2    491.03606475266503   -156.65112610053225
                                                    53.61599285881557
     0.37845792192831    2     -5.94229627384934    -11.26209219634855
                                                    23.93679193239565
     0.19003240275620    1   -112.77596905051067
     0.16417831565258    1   -166.53201643192776

Pa GTH-PBE-q23
    4    6   11    2
     0.16955626483493    2      3.28759434114249    489.18777513309004
    4
     0.45335672385052    2    488.73915697518828   -156.65115703941584
                                                    53.75922603040590
     0.37230872850560    2     -5.93145185724199    -11.26207356984210
                                                    24.16156987372578
     0.18860686669664    1   -113.16130091280228
     0.16350956504304    1   -163.45711792543028

U GTH-PBE-q24
    4    6   11    3
     0.16948389056823    2      6.35634169717573    492.90578755062546
    4
     0.44896793832066    2    485.68914404346543   -156.65106767778209
                                                    54.00862529049978
     0.36710230241430    2     -5.58347559798226    -11.26205735428971
                                                    24.21665967266469
     0.18886333055501    1   -113.10349584188660
     0.16395979013068    1   -160.45725792602803

Np GTH-PBE-q25
    4    6   11    4
     0.16977673141886    2    -16.70433656168359    494.74929860200598
       4
     0.44464031153627    2    482.80213194244021   -156.65114535188079
                                                    54.22055374680292
     0.36142711204385    2     -6.22234343220244    -11.26208117481462
                                                    24.58927141466971
     0.18914699468301    1   -113.28014621668586
     0.16403451203773    1   -159.95380709205318

Pu GTH-PBE-q26
    4    6   10    6
     0.16969771966743    2     20.92233556966416    495.96255797559985
    4
     0.44228949484959    2    478.66668063319526   -156.65090354162604
                                                    54.50621282838957
     0.35890815495989    2     -6.56560989737059    -11.26203811360100
                                                    24.54028607254709
     0.18909729730183    1   -115.53194539567622
     0.16445030409668    1   -158.98034913997148

Am GTH-PBE-q27
    4    6   10    7
     0.16948845886419    2     21.71721842161775    504.25036494522271
    4
     0.43306452159123    2    477.59915649409839   -156.65060339544601
                                                    54.82322188439984
     0.35413421361712    2     -6.46150821166901    -11.26204885109783
                                                    24.55917850726756
     0.18977524600340    1   -115.36814534245620
     0.16536742368944    1   -156.14908893076051

Cm GTH-PBE-q28
    4    6   11    7
     0.16957254681298    2     32.52023285299293    508.69534133227927
    4
     0.42681702425190    2    476.52878006103657   -156.65044516849360
                                                    55.12434563109508
     0.34865869466608    2     -4.62621528035917    -11.26205485496062
                                                    24.59249406034709
     0.19018665529969    1   -115.28097559044900
     0.16594740817237    1   -152.79046122994129

Bk GTH-PBE-q29
    4    6   10    9
     0.16963428801640    2     38.86441793013979    508.02947708072890
    4
     0.42114655737447    2    473.54212595355671   -156.64992516145500
                                                    55.41637889871516
     0.34693526359752    2     -6.47267033815453    -11.26203016866966
                                                    24.59636954921257
     0.19080214837693    1   -115.13726466563385
     0.16628645691238    1   -152.90883626924455

Cf GTH-PBE-q30
    4    6   10   10
     0.16975529046639    2     55.44920446629929    509.07011917544327
    4
     0.41647303632239    2    470.12107300925425   -156.64933947282620
                                                    55.84153676215108
     0.34416087801136    2     -6.57179770855107    -11.26198987538053
                                                    24.59267665019173
     0.19143400048681    1   -114.85229304614671
     0.16684819849107    1   -150.96599073439066

Es GTH-PBE-q31
    4    6   10   11
     0.16983895285757    2     56.00885250598161    511.09597758849850
    4
     0.41117796878763    2    468.15970755010471   -156.64878573752347
                                                    56.13704549419919
     0.34150011076342    2     -6.54080106079174    -11.26202890166461
                                                    24.53661112022561
     0.19189818786443    1   -114.54741180308710
     0.16704374493231    1   -150.22137386136873

Fm GTH-PBE-q32
    4    6   10   12
     0.16971724027150    2     70.61673169405432    512.13095455535210
    4
     0.40523415540328    2    466.15427094499324   -156.64807407288146
                                                    56.46507542542883
     0.33884453819352    2     -6.56141804780334    -11.26201162380308
                                                    24.46366842214639
     0.19230039527697    1   -114.17870909905261
     0.16782308836496    1   -146.63365329145108

Md GTH-PBE-q33
    4    6   10   13
     0.16920546412767    2    105.73555796574975    513.05813575468153
    4
     0.39986821729774    2    464.18934310915500   -156.64747284252738
                                                    56.79774560600316
     0.33711380677077    2     -6.12532925244296    -11.26198640849512
                                                    24.23472932910907
     0.19238280237522    1   -113.67563172502274
     0.16834005193148    1   -142.71661886816543

No GTH-PBE-q34
    4    6   10   14
     0.16942543046185    2    114.84213666505130    509.74491280476093
    4
     0.39477087342531    2    461.72730749602852   -156.64646402959195
                                                    57.16119818400643
     0.33504605529335    2     -6.23370354592889    -11.26209485068464
                                                    24.15800658683263
     0.19283007600359    1   -113.25021562841120
     0.16872156204173    1   -141.09194377694823

Lr GTH-PBE-q35
    4    7   10   14
     0.16941021065884    2    125.74936256179686    510.36393651558740
    4
     0.37947318734424    2    463.13879644087882   -156.64666228268294
                                                    57.91176227934795
     0.32125633156484    2     -3.05321993047753    -11.26207138289314
                                                    25.18833852961693
     0.19284015906744    1   -114.33941728664429
     0.16941266324452    1   -138.74560066349682
