Ac GTH-PBE-q11
    4    6    1    0
     0.54605424245121    2     48.66455829595655     -7.00052186523022
    4
     0.56118939900764    2      3.30949256964820     -4.77005413516761
                                                     3.45948820833405
     0.53085226588196    2     13.14126809730866     -9.53884862912682
                                                     7.12311046124122
     0.68594060227943    1      1.11458080172216
     0.32691977162624    1    -19.64171978923921

Th GTH-PBE-q12
    4    6    2    0
     0.54079890410215    2     48.72443565823020     -6.97590859915040
    4
     0.56837959048303    2      3.33135333731776     -4.77002550234780
                                                     3.52697804324177
     0.51420000256622    2     13.04948957806176     -9.53881653270963
                                                     7.13590872425720
     0.67644324396919    1      1.05180422281653
     0.32631919902400    1    -19.15677850921151

Pa GTH-PBE-q13
    4    6    1    2
     0.53562732363274    2     48.36398316891244     -7.00794311530577
    4
     0.54958382341028    2      3.48675574677163     -4.77012670622508
                                                     3.42645673003648
     0.52565335189139    2     13.19405758948050     -9.53885367826687
                                                     7.09163556150610
     0.68334021929670    1      0.94108905553022
0.32481492439928    1    -18.57930765150300

U GTH-PBE-q14
    4    6    1    3
     0.53052086995808    2     48.39904058263892     -6.82628399113393
    4
     0.55056964544895    2      3.82035417047954     -4.77019468199315
                                                     3.33330084105773
     0.50192547652694    2     13.18787585513343     -9.53887562745319
                                                     7.10101782935174
     0.66829516757648    1      1.00920081309979
     0.32430634107494    1    -18.20283810625575

Np GTH-PBE-q15
    4    6    1    4
     0.52657636739525    2     48.36734622452632     -6.69978737312915
    4
     0.55220414680301    2      3.60685251344823     -4.76995413718592
                                                     3.37994334826432
     0.50432777696375    2     13.35749545342102     -9.53886321044127
                                                     6.96552804645584
     0.67129846593343    1      0.90484712809190
     0.32453896856540    1    -17.85244485712699

Pu GTH-PBE-q16
    4    6    0    6
     0.52177868437662    2     48.33626456581707     -6.38573062406697
    4
     0.54189921554283    2      4.35227147146239     -4.76993170927352
                                                     3.02693082874915
     0.66373101331493    2     13.12427599997384     -9.53894366195782
                                                     7.07176892370451
     0.73563155702092    1      0.61496951740295
     0.32462051648632    1    -17.49101485559594

Am GTH-PBE-q17
    4    6    0    7
     0.51774320284454    2     47.66991909784515     -5.97971719767469
    4
     0.53723738335669    2      4.14877672770037     -4.76981635839068
                                                     2.97966985434554
     0.64035984359090    2     12.99328385411614     -9.53889891485009
                                                     7.08212279278608
     0.67422215156696    1      0.80517825161537
     0.32524653322959    1    -17.16261722082347

Cm GTH-PBE-q18
    4    6    1    7
     0.51177304325133    2     47.80927630686634     -6.09500407363872
    4
     0.50705673008475    2      3.39308295719916     -4.76928852662879
                                                     2.97125921472424
     0.56293944465631    2     13.17937691011548     -9.53887463496167
                                                     6.91915831152946
     0.65274383000677    1      0.76601775700371
     0.32501175910327    1    -16.79817347457569

Bk GTH-PBE-q19
    4    6    0    9
     0.50806547609485    2     47.71342347086089     -5.26184003896512
    4
     0.54189321775114    2      3.96037329934829     -4.76932432344071
                                                     2.99481532696233
     0.60639233037829    2     13.15127628865210     -9.53888419805737
                                                     6.93375810248258
     0.79124638750449    1      0.41094476972652
     0.32636185862362    1    -16.54582164065389

Cf GTH-PBE-q20
    4    6    0   10
     0.50280809121457    2     47.51399598772650     -5.05441996316190
    4
     0.53351739514165    2      4.29918048869311     -4.76942724472777
                                                     2.85634380783358
     0.59383200838557    2     13.24014206805374     -9.53891251523785
                                                     6.90240996400228
     0.70249366860485    1      0.63424816644488
     0.32549824421096    1    -16.19879467954277

Es GTH-PBE-q21
    4    6    0   11
     0.49867931575518    2     47.46038660961707     -4.85056189102487
    4
     0.51705655945942    2      4.23469854923093     -4.76918061330301
                                                     2.67374182615429
     0.61058513879802    2     12.50539817627985     -9.53902849292480
                                                     7.23637074929972
     0.72568005334545    1      0.51281383049463
     0.32649770153994    1    -15.86474415783240

Fm GTH-PBE-q22
    4    6    0   12
     0.49283676954261    2     48.30128039713067     -4.76570628108071
    4
     0.51273673200869    2      4.27344861664779     -4.76928106911766
                                                     2.62928244295147
     0.55711338727774    2     12.37502752167251     -9.53896211179735
                                                     7.24247244281730
     0.68652292983711    1      0.63432174466667
     0.32640173426301    1    -15.58897179617543

Md GTH-PBE-q23
    4    6    0   13
     0.49195255155758    2     47.05307608343111     -4.20782420419676
    4
     0.54294506640726    2      4.40565255579435     -4.76964912703553
                                                     2.92799516332319
     0.39841067762677    2     12.41651981214038     -9.53905407574663
                                                     7.07132838539429
     0.72257505656489    1      0.61729804968614
     0.32526024251881    1    -15.27655301599026

No GTH-PBE-q24
    4    6    0   14
     0.48628141878312    2     47.67422726603120     -4.13531904047845
    4
     0.53786380879401    2      4.52633640969395     -4.76967365919495
                                                     2.88810682640930
     0.44176472950338    2     13.14458938190314     -9.53906883462946
                                                     6.90850285362568
     0.69695078489914    1      0.71701286632793
     0.32500963595051    1    -14.91797050366401

Lr GTH-PBE-q25
    4    7    0   14
     0.47052762918333    2     47.25054367487377     -4.54046652418800
    4
     0.46085898615319    2      5.17027889559745     -4.76974627283866
                                                     2.23592149490976
     0.39941987514407    2     11.95436428285475     -9.53907278217519
                                                     7.33921886354827
     0.63635598160412    1      0.67572793286955
     0.32296214236746    1    -14.22834097281449
