UPP-L-1
U GTH-PBE-q14
    4    6    1    3
     0.45030534464654    2     50.62466242644463     -3.55665043976330
    4
     0.65100654815036    2      6.57568753137198     -4.77030239170614
                                                     3.32428654297730
     0.42476559793367    2     14.92951305727402     -9.53898036673838
                                                     7.52936516488894
     0.64461453226472    1      1.08319176187161
     0.32318905226410    1    -14.82382374442226

UPP-L-2
U GTH-PBE-q14
    4    6    1    3
     0.45594979086702    2     50.34590445476899     -3.64882981683206
    4
     0.63751507566163    2      6.53114072345271     -4.77027937304587
                                                     3.26003060560845
     0.42106366171584    2     14.78760928933991     -9.53897347929821
                                                     7.51734431275866
     0.63993537397780    1      1.11149594232709
     0.32312980188390    1     -15.20885595663438

UPP-L-3
U GTH-PBE-q14
    4    6    1    3
     0.46055994112294    2     50.03843592108559     -3.70812482281787
    4
     0.62604576193084    2      6.45792754764487     -4.77033397640225
                                                     3.21248317893054
     0.41818570126424    2     14.72377811028420     -9.53897446085793
                                                     7.47018560612003
     0.63807147499211    1      1.11370918785283
     0.32299606020391    1    -15.54098149751630

UPP-L-4
U GTH-PBE-q14
    4    6    1    3
     0.46532108619134    2     49.67122684735097     -3.78576138439971
    4
     0.61281336118264    2      6.36888320340405     -4.77035038190469
                                                     3.15964215935747
     0.41587849578428    2     14.55512498556724     -9.53897929242758
                                                     7.42783979274640
     0.63802538646694    1      1.09387058948294
     0.32288572011302    1    -15.86202701988426

UPP-L-5
U GTH-PBE-q14
    4    6    1    3
     0.47022331671015    2     49.21097002415175     -3.96766964718497
    4
     0.60901619734946    2      6.23190517171294     -4.77040782476085
                                                     3.16565539670999
     0.41729733761640    2     14.29681683168113     -9.53899147216249
                                                     7.41379719878261
     0.63920006342885    1      1.07556739761633
     0.32279893195693    1    -16.06034767472422

UPP-L-6
U GTH-PBE-q14
    4    6    1    3
     0.47483507425395    2     48.81404006587663     -4.06150461033886
    4
     0.59538147765275    2      6.08806487832931     -4.77046990974764
                                                     3.11793935923961
     0.41934745865740    2     13.84823024140205     -9.53900664476095
                                                     7.38228830069174
     0.63933879150335    1      1.04316478423073
     0.32257468489046    1    -16.38018748491582

UPP-L-7
U GTH-PBE-q14
    4    6    1    3
     0.47981166780282    2     48.42706320025421     -4.23182102137170
    4
     0.59095026701718    2      5.94244988868351     -4.77048693091614
                                                     3.11749559954492
     0.41844799245587    2     13.72446217803956     -9.53900823171973
                                                     7.37045129833766
     0.64356179453143    1      1.00848071823520
     0.32253890928423    1    -16.57995507320805

UPP-L-8
U GTH-PBE-q14
    4    6    1    3
     0.48481157018354    2     48.10656620680812     -4.40951482639313
    4
     0.58703432466407    2      5.79354517968950     -4.77048998751135
                                                     3.11712500110316
     0.41931373222318    2     13.51835001360571     -9.53900801486148
                                                     7.36837004558736
     0.64388914880170    1      1.00717593109360
     0.32253561066521    1    -16.78048670075918

UPP-L-9
U GTH-PBE-q14
    4    6    1    3
     0.49173135236335    2     48.27412331223177     -4.89330364126307
    4
     0.58395862211016    2      5.74869301634550     -4.77048502904053
                                                     3.11956612705465
     0.42315326742788    2     13.64682813962991     -9.53900823020510
                                                     7.37721580153078
     0.64798537767985    1      1.03070046376441
     0.32337239925693    1    -16.78057142376326

UPP-L-10
U GTH-PBE-q14
    4    6    1    3
     0.49670891446195    2     48.20949229178541     -5.10251967925467
    4
     0.57434647876261    2      5.60836885553621     -4.77045826022289
                                                     3.08798715314615
     0.42586846453063    2     13.40177655941582     -9.53899778181068
                                                     7.38584037610315
     0.64930090515521    1      1.02912018844557
     0.32349442657472    1    -16.98688454314708

UPP-L-11
U GTH-PBE-q14
    4    6    1    3
     0.50164667240897    2     48.29729380103026     -5.30993002042052
    4
     0.57122557465703    2      5.38287064688978     -4.77040329055255
                                                     3.10380757536306
     0.42821476853146    2     13.38601090855832     -9.53897080109030
                                                     7.33571508389162
     0.65174013803585    1      1.02661302011802
     0.32380349491803    1    -17.19218233436231

UPP-L-12
U GTH-PBE-q14
    4    6    1    3
     0.50667795376121    2     48.35720313992501     -5.55127122430922
    4
     0.57162758116369    2      5.37768237366990     -4.77043845711675
                                                     3.10346981553005
     0.41962858198712    2     13.80958077532896     -9.53899481391471
                                                     7.39713508471344
     0.65292760751902    1      1.08274524682286
     0.32350749699719    1    -17.38262556714034

UPP-L-13
U GTH-PBE-q14
    4    6    1    3
     0.51163280081516    2     48.30663118352511     -5.77031316798202
    4
     0.56420647879458    2      5.03631803706459     -4.77037055494412
                                                     3.12234339560397
     0.43833796905629    2     13.31840598372768     -9.53895639833407
                                                     7.28044340905804
     0.65140402161182    1      1.08231630018607
     0.32393250549942    1    -17.57399037365385

UPP-L-14
U GTH-PBE-q14
    4    6    1    3
     0.51641410361055    2     48.44538285359134     -6.10150985959976
    4
     0.55363910192129    2      4.80383974782385     -4.77041389378465
                                                     3.11905672977638
     0.45837687479771    2     13.19049708748620     -9.53895021046091
                                                     7.22153769501466
     0.65087676628467    1      1.10272662607999
     0.32401331283487    1    -17.72019698575368

UPP-L-15
U GTH-PBE-q14
    4    6    1    3
     0.52103140949357    2     48.50643199132946     -6.36857649069643
    4
     0.54853076044956    2      4.62392672211054     -4.77040650155198
                                                     3.13465144325746
     0.46824096786730    2     13.20232350160053     -9.53894151756383
                                                     7.20795183111732
     0.65159937327748    1      1.13415241095500
     0.32395832643803    1    -17.86710056814211

UPP-L-16
U GTH-PBE-q14
    4    6    1    3
     0.52626228368161    2     48.40957507349498     -6.65692116061380
       4
     0.54827080905094    2      4.05619537919551     -4.77020447199753
                                                     3.27198305819821
     0.49481853779274    2     13.21343858993591     -9.53888959843908
                                                     7.10473167553976
     0.66640879832900    1      0.99950829609824
     0.32426177825941    1    -18.02396998733171

UPP-L-17
U GTH-PBE-q14
    4    6    1    3
     0.53052086995808    2     48.39904058263892     -6.82628399113393
    4
     0.55056964544895    2      3.82035417047954     -4.77019468199315
                                                     3.33330084105773
     0.50192547652694    2     13.18787585513343     -9.53887562745319
                                                     7.10101782935174
     0.66829516757648    1      1.00920081309979
     0.32430634107494    1    -18.20283810625575

UPP-L-18
U GTH-PBE-q14
    4    6    1    3
     0.53561211472355    2     48.32580252146766     -7.00839019961965
    4
     0.55550843461397    2      3.41486381305374     -4.77012760160371
                                                     3.44892529497348
     0.51783606265306    2     13.20351000768200     -9.53885133415689
                                                     7.05545914372444
     0.67859400226830    1      0.94345565762628
     0.32479065366486    1    -18.37266048298460

UPP-L-19
U GTH-PBE-q14
    4    6    1    3
     0.54064728214287    2     48.23332712542530     -7.24449767645162
    4
     0.55478903557532    2      3.22744785620698     -4.77008169405069
                                                     3.50071382159125
     0.52494044829535    2     13.09834472166233     -9.53885311380620
                                                     7.11613220394800
     0.67911626102349    1      0.98209670320709
     0.32470187921438    1    -18.50707147665858 

