Er GTH-PBE-q32
4 6 10 12
0.480000000  2  -9.906023582     0.448657652
4
0.239459327  2  229.506490725  -252.203841877
                                294.808410443
0.258246725  2  451.699795165  -247.829019985
                                162.219244648
0.244778416  1 -13.339736975
0.176206689  1 -34.580937584

Er GTH-PBE-q32
4 6 10 12
0.510000000  2  -10.433590265     0.505126705
4
0.237503414  2  230.917279256  -252.027433197
                                291.275777648
0.257499305  2  444.887397034  -247.887544315
                                163.506391463
0.254142525  1 -13.364653721
0.179801076  1 -34.321321329

Er GTH-PBE-q32
4 6 10 12
0.480000000  1  -7.869885092
4
0.241103260  2 231.232040534   -249.555108090
                                284.794647088
0.255850158  2 445.818791191   -241.570272086
                                161.323841742
0.246635297  1 -14.068293301
0.175426012  1 -36.579648117

Er GTH-PBE-q32
4 6 10 12
0.490000000  1   -8.205073336
4
0.240413332  2  228.372351138  -250.713466672
                                289.261487774
0.263762720  2  451.517073321  -246.707336329
                                157.553578070
0.248926783  1 -14.120876589
0.176019221  1 -36.758294870

Er GTH-PBE-q32
4 6 10 12
0.500000000  1   -8.440641881
4
0.240632456  2  229.192874000  -251.217461600
                                288.569581400
0.262955148  2  452.933664300  -246.816963067
                                158.044670000
0.251742832  1 -14.143079042
0.175943441  1 -37.369242337

Er GTH-PBE-q32
4 6 10 12
0.510000000  1   -8.620696838
4
0.241037354  2 229.301301969   -249.889306002
                                284.902331369
0.259469145  2 450.372194561   -244.364870064
                                159.379287695
0.254731573  1 -14.162954344
0.175753871  1 -38.075712589

Er GTH-PBE-q32
4 6 10 12
0.520000000  1  -8.772140086
4
0.240012610  2 232.966734900  -253.965770200
                               288.657897800
0.267640249  2 449.910634067  -244.086389200
                               152.569744767
0.255320063  1 -14.510186848
0.177198475  1 -37.939750406

Er GTH-PBE-q32
4 6 10 12
0.530000000  2  -8.949909786   0.000551844
4
0.240080898  2 233.326165625 -254.187101258
                              287.890611669
0.266990201  2 446.999920995 -243.255571480
                              152.965939912
0.257010926  1 -14.679354429
0.177089118  1 -38.614101961

Er GTH-PBE-q32
4 6 10 12
0.530000000  1  -8.943224799
4
0.240041022  2 233.259796703  -254.205119215
                               287.993245479
0.267136837  2 446.993042494  -243.301956757
                               152.906363228
0.257018515  1 -14.680688300
0.177154223  1 -38.579507462

